3 0.23828125 0.6302083333333334 0.04453125 0.06901041666666667
2 0.38984375 0.703125 0.15546875 0.14322916666666666
2 0.1921875 0.6315104166666666 0.12421875 0.11458333333333333
2 0.06796875 0.59375 0.10703125 0.10286458333333333
2 0.009375 0.5598958333333334 0.01875 0.048177083333333336
2 0.040625 0.5403645833333334 0.05234375 0.046875
2 0.1140625 0.54296875 0.06328125 0.040364583333333336
2 0.13046875 0.58203125 0.07109375 0.078125
2 0.18125 0.5546875 0.06328125 0.041666666666666664
2 0.23984375 0.6067708333333334 0.0703125 0.08854166666666667
2 0.2671875 0.5768229166666666 0.06484375 0.052083333333333336
2 0.3171875 0.6341145833333334 0.09609375 0.08463541666666667
2 0.37578125 0.5872395833333334 0.11640625 0.06640625
2 0.45625 0.671875 0.1328125 0.12369791666666667
2 0.55703125 0.6627604166666666 0.146875 0.109375
2 0.5953125 0.5833333333333334 0.06171875 0.040364583333333336
2 0.4328125 0.5625 0.05625 0.048177083333333336
2 0.00703125 0.5299479166666666 0.01328125 0.03515625
2 0.8765625 0.6223958333333334 0.07890625 0.044270833333333336
2 0.8765625 0.5872395833333334 0.0546875 0.041666666666666664
2 0.71640625 0.5911458333333334 0.05 0.04296875
3 0.78515625 0.60546875 0.01796875 0.0390625
2 0.53125 0.5598958333333334 0.02578125 0.036458333333333336
2 0.478125 0.5559895833333334 0.025 0.03125
2 0.3875 0.55078125 0.03046875 0.033854166666666664
2 0.56640625 0.5716145833333334 0.01640625 0.02734375
2 0.59296875 0.5651041666666666 0.0203125 0.0234375
2 0.665625 0.5807291666666666 0.02109375 0.03515625
6 0.2984375 0.5299479166666666 0.05390625 0.037760416666666664
2 0.2671875 0.5286458333333334 0.02734375 0.03125
2 0.25234375 0.5286458333333334 0.03125 0.02734375
3 0.20859375 0.5403645833333334 0.01484375 0.026041666666666668
2 0.23203125 0.5260416666666666 0.028125 0.0234375
2 0.125 0.5130208333333334 0.034375 0.01953125
2 0.10859375 0.5065104166666666 0.03828125 0.026041666666666668
2 0.16171875 0.5143229166666666 0.03828125 0.0234375
2 0.18828125 0.515625 0.0296875 0.026041666666666668
2 0.2125 0.5169270833333334 0.03125 0.024739583333333332
2 0.08671875 0.5065104166666666 0.02421875 0.018229166666666668
2 0.0734375 0.5065104166666666 0.028125 0.018229166666666668
2 0.00859375 0.5 0.01640625 0.024739583333333332
2 0.765625 0.5716145833333334 0.04765625 0.036458333333333336
2 0.82890625 0.5703125 0.03515625 0.03125
2 0.8546875 0.5768229166666666 0.0359375 0.032552083333333336
2 0.9296875 0.5859375 0.0390625 0.040364583333333336