1 0.57265625 0.3828125 0.02578125 0.046875
2 0.5828125 0.4036458333333333 0.01640625 0.026041666666666668
2 0.584375 0.5677083333333334 0.04140625 0.06640625
2 0.63671875 0.5377604166666666 0.040625 0.0703125
2 0.721875 0.56640625 0.04921875 0.06640625
2 0.38359375 0.6888020833333334 0.06328125 0.1015625
2 0.32578125 0.6067708333333334 0.0546875 0.078125
2 0.28203125 0.5638020833333334 0.05078125 0.061197916666666664
2 0.31171875 0.9244791666666666 0.12734375 0.14713541666666666
2 0.175 0.6901041666666666 0.084375 0.1015625
2 0.9 0.93359375 0.1359375 0.13020833333333334
2 0.3484375 0.484375 0.03125 0.037760416666666664
2 0.39765625 0.4856770833333333 0.02890625 0.04296875
2 0.44921875 0.4635416666666667 0.028125 0.048177083333333336
6 0.42421875 0.4283854166666667 0.02265625 0.03515625
2 0.3921875 0.4309895833333333 0.01953125 0.026041666666666668
2 0.4640625 0.42578125 0.0171875 0.02734375
2 0.5484375 0.453125 0.021875 0.033854166666666664
2 0.5984375 0.4270833333333333 0.01875 0.026041666666666668
2 0.61796875 0.4479166666666667 0.02265625 0.036458333333333336
2 0.41484375 0.4088541666666667 0.015625 0.0234375
2 0.434375 0.4153645833333333 0.015625 0.022135416666666668
2 0.43125 0.38671875 0.01328125 0.018229166666666668
2 0.44921875 0.3919270833333333 0.0125 0.01953125
2 0.46953125 0.4036458333333333 0.0140625 0.016927083333333332
2 0.47265625 0.3932291666666667 0.01328125 0.015625
2 0.4765625 0.3828125 0.01171875 0.016927083333333332
2 0.4578125 0.3776041666666667 0.01015625 0.015625
2 0.44765625 0.3684895833333333 0.009375 0.014322916666666666
2 0.46796875 0.3684895833333333 0.00859375 0.013020833333333334
2 0.4828125 0.3736979166666667 0.01015625 0.015625
2 0.4859375 0.3671875 0.01015625 0.013020833333333334
2 0.55703125 0.4075520833333333 0.01640625 0.0234375
2 0.54765625 0.3893229166666667 0.0109375 0.018229166666666668
2 0.5359375 0.36328125 0.00859375 0.013020833333333334
2 0.4609375 0.3567708333333333 0.0078125 0.013020833333333334
2 0.559375 0.3776041666666667 0.00859375 0.015625
2 0.521875 0.3645833333333333 0.009375 0.015625