6 0.39765625 0.4153645833333333 0.03125 0.044270833333333336
0 0.43203125 0.3958333333333333 0.0359375 0.08072916666666667
0 0.67734375 0.4869791666666667 0.09140625 0.17057291666666666
2 0.01171875 0.91015625 0.02265625 0.10546875
2 0.23359375 0.6236979166666666 0.06640625 0.08203125
2 0.31875 0.609375 0.0546875 0.07291666666666667
2 0.41328125 0.5911458333333334 0.046875 0.06770833333333333
2 0.371875 0.5208333333333334 0.03984375 0.059895833333333336
2 0.43671875 0.5 0.0296875 0.045572916666666664
2 0.625 0.7252604166666666 0.06796875 0.13541666666666666
2 0.79765625 0.8489583333333334 0.11875 0.20182291666666666
2 0.55859375 0.4869791666666667 0.03125 0.052083333333333336
2 0.4109375 0.4544270833333333 0.02578125 0.036458333333333336
2 0.3734375 0.4518229166666667 0.02421875 0.0390625
2 0.534375 0.421875 0.01953125 0.032552083333333336
2 0.565625 0.421875 0.01796875 0.029947916666666668
2 0.60859375 0.4401041666666667 0.02265625 0.032552083333333336
2 0.62265625 0.4622395833333333 0.0203125 0.0390625
2 0.5890625 0.4140625 0.01875 0.029947916666666668
2 0.46640625 0.4192708333333333 0.01796875 0.026041666666666668
2 0.45078125 0.3984375 0.00859375 0.020833333333333332
2 0.46875 0.40234375 0.01640625 0.022135416666666668
2 0.4765625 0.38671875 0.01328125 0.022135416666666668
2 0.5484375 0.38671875 0.01171875 0.018229166666666668
2 0.5734375 0.39453125 0.0125 0.018229166666666668
2 0.52421875 0.3645833333333333 0.01015625 0.016927083333333332
2 0.5421875 0.3736979166666667 0.01015625 0.020833333333333332
2 0.5625 0.3828125 0.01171875 0.018229166666666668
2 0.46015625 0.37890625 0.009375 0.015625
2 0.465625 0.3697916666666667 0.01015625 0.015625
2 0.45234375 0.3671875 0.0078125 0.014322916666666666
2 0.47421875 0.359375 0.00859375 0.013020833333333334
2 0.4859375 0.3619791666666667 0.01171875 0.014322916666666666
2 0.45859375 0.359375 0.009375 0.015625