2 0.06484375 0.8177083333333334 0.128125 0.1484375
2 0.12421875 0.9361979166666666 0.15625 0.12369791666666667
2 0.31484375 0.5182291666666666 0.04296875 0.057291666666666664
2 0.35390625 0.5481770833333334 0.04296875 0.05859375
2 0.428125 0.5677083333333334 0.04140625 0.0625
2 0.55 0.4609375 0.0234375 0.03515625
2 0.4375 0.4973958333333333 0.03046875 0.048177083333333336
2 0.36796875 0.4609375 0.0265625 0.033854166666666664
2 0.45 0.44921875 0.02265625 0.03125
2 0.4265625 0.4270833333333333 0.01953125 0.02734375
2 0.39375 0.4270833333333333 0.01953125 0.028645833333333332
2 0.4625 0.41796875 0.01640625 0.018229166666666668
2 0.53125 0.3997395833333333 0.01484375 0.01953125
2 0.440625 0.40625 0.01484375 0.01953125
2 0.45234375 0.3880208333333333 0.0140625 0.01953125
2 0.4609375 0.375 0.01015625 0.014322916666666666
2 0.44140625 0.3776041666666667 0.0109375 0.01953125
2 0.47265625 0.3958333333333333 0.01328125 0.01953125
2 0.5671875 0.3815104166666667 0.01171875 0.01953125
6 0.46796875 0.36328125 0.0109375 0.016927083333333332
1 0.48125 0.37109375 0.0171875 0.03125
2 0.5515625 0.3619791666666667 0.009375 0.015625
2 0.52265625 0.3515625 0.0078125 0.01171875
2 0.53359375 0.3515625 0.009375 0.013020833333333334
2 0.5453125 0.3515625 0.009375 0.014322916666666666
2 0.46015625 0.3606770833333333 0.009375 0.015625