2 0.1453125 0.7356770833333334 0.09765625 0.11067708333333333
2 0.3421875 0.7473958333333334 0.07421875 0.109375
2 0.33828125 0.5859375 0.04765625 0.06640625
2 0.41796875 0.5559895833333334 0.03828125 0.053385416666666664
2 0.3203125 0.5065104166666666 0.0375 0.052083333333333336
2 0.36015625 0.4739583333333333 0.02890625 0.036458333333333336
2 0.403125 0.4713541666666667 0.028125 0.036458333333333336
2 0.43984375 0.4934895833333333 0.02734375 0.044270833333333336
2 0.44921875 0.4518229166666667 0.021875 0.03125
2 0.55625 0.46875 0.02265625 0.037760416666666664
2 0.58515625 0.43359375 0.01875 0.028645833333333332
2 0.559375 0.4075520833333333 0.01484375 0.022135416666666668
2 0.58359375 0.4036458333333333 0.0140625 0.01953125
2 0.52890625 0.39453125 0.01328125 0.01953125
2 0.55625 0.39453125 0.01484375 0.018229166666666668
2 0.525 0.37890625 0.0125 0.020833333333333332
2 0.459375 0.42578125 0.01796875 0.026041666666666668
2 0.39140625 0.4283854166666667 0.01796875 0.028645833333333332
2 0.42890625 0.4192708333333333 0.015625 0.0234375
2 0.44140625 0.4088541666666667 0.01640625 0.022135416666666668
2 0.4109375 0.4088541666666667 0.01875 0.0234375
2 0.47265625 0.38671875 0.01328125 0.022135416666666668
2 0.48203125 0.3697916666666667 0.009375 0.016927083333333332
2 0.47421875 0.359375 0.0078125 0.015625
2 0.465625 0.3541666666666667 0.0078125 0.01171875
0 0.45 0.3736979166666667 0.02421875 0.052083333333333336
0 0.42734375 0.3723958333333333 0.021875 0.052083333333333336