6 0.62265625 0.4401041666666667 0.03125 0.057291666666666664
0 0.39140625 0.40625 0.04140625 0.078125
0 0.428125 0.3997395833333333 0.03671875 0.09244791666666667
0 0.45859375 0.3502604166666667 0.0171875 0.033854166666666664
2 0.296875 0.93359375 0.121875 0.1328125
2 0.2625 0.7408854166666666 0.08984375 0.109375
2 0.29765625 0.5989583333333334 0.05703125 0.0703125
2 0.41640625 0.5794270833333334 0.0421875 0.06640625
2 0.4296875 0.5143229166666666 0.03203125 0.046875
2 0.36015625 0.5442708333333334 0.03984375 0.05078125
2 0.35 0.4778645833333333 0.0296875 0.03515625
2 0.39453125 0.4752604166666667 0.0328125 0.04296875
2 0.4484375 0.47265625 0.025 0.03515625
2 0.703125 0.9088541666666666 0.12265625 0.18229166666666666
2 0.815625 0.6927083333333334 0.0859375 0.11848958333333333
2 0.68046875 0.52734375 0.0390625 0.053385416666666664
2 0.59453125 0.4244791666666667 0.01796875 0.028645833333333332
2 0.53046875 0.3932291666666667 0.015625 0.026041666666666668
2 0.45625 0.4401041666666667 0.0203125 0.026041666666666668
2 0.46484375 0.4127604166666667 0.01875 0.02734375
2 0.47109375 0.3958333333333333 0.01484375 0.020833333333333332
2 0.48125 0.37890625 0.0109375 0.015625
2 0.46171875 0.3763020833333333 0.01015625 0.015625
2 0.4546875 0.38671875 0.01171875 0.015625
2 0.44765625 0.3984375 0.00703125 0.0234375
2 0.5390625 0.3697916666666667 0.009375 0.015625
2 0.52265625 0.3645833333333333 0.009375 0.014322916666666666
2 0.57265625 0.3919270833333333 0.01484375 0.020833333333333332
2 0.56328125 0.3841145833333333 0.0140625 0.014322916666666666