1 0.38046875 0.7005208333333334 0.09453125 0.17317708333333334
6 0.37734375 0.4908854166666667 0.0421875 0.06770833333333333
0 0.43515625 0.3645833333333333 0.02578125 0.057291666666666664
2 0.93359375 0.91015625 0.1328125 0.16666666666666666
2 0.759375 0.6145833333333334 0.0625 0.08463541666666667
2 0.559375 0.4921875 0.03046875 0.05078125
2 0.53203125 0.41796875 0.0203125 0.026041666666666668
2 0.575 0.4375 0.02109375 0.03125
2 0.55390625 0.3932291666666667 0.015625 0.0234375
2 0.56328125 0.37890625 0.0125 0.018229166666666668
2 0.525 0.3815104166666667 0.0125 0.018229166666666668
2 0.525 0.3671875 0.0109375 0.014322916666666666
2 0.42109375 0.578125 0.0390625 0.05859375
2 0.33125 0.59375 0.0484375 0.06640625
2 0.2765625 0.56640625 0.0515625 0.06901041666666667
2 0.39921875 0.4244791666666667 0.01953125 0.026041666666666668
2 0.41796875 0.4427083333333333 0.02109375 0.03125
2 0.4375 0.4947916666666667 0.03359375 0.0546875
2 0.4484375 0.4596354166666667 0.02421875 0.03125
6 0.43359375 0.4127604166666667 0.01953125 0.028645833333333332
2 0.459375 0.4244791666666667 0.01796875 0.026041666666666668
2 0.4421875 0.3997395833333333 0.015625 0.018229166666666668
2 0.47265625 0.3854166666666667 0.015625 0.0234375
2 0.45 0.3736979166666667 0.00859375 0.020833333333333332
2 0.4671875 0.37109375 0.009375 0.014322916666666666