0 0.12734375 0.6341145833333334 0.2515625 0.3072916666666667
1 0.08359375 0.8645833333333334 0.1671875 0.26953125
0 0.6703125 0.4739583333333333 0.0921875 0.14192708333333334
2 0.4234375 0.5325520833333334 0.03828125 0.07161458333333333
6 0.46484375 0.3515625 0.01171875 0.0234375
2 0.41171875 0.4544270833333333 0.02578125 0.033854166666666664
2 0.5765625 0.5416666666666666 0.034375 0.05859375
2 0.64765625 0.5638020833333334 0.03984375 0.057291666666666664
2 0.54296875 0.4322916666666667 0.0203125 0.036458333333333336
2 0.38515625 0.4388020833333333 0.021875 0.028645833333333332
2 0.4515625 0.4466145833333333 0.021875 0.03125
2 0.4375 0.4140625 0.01640625 0.020833333333333332
2 0.4125 0.4075520833333333 0.01484375 0.0234375
2 0.42734375 0.3893229166666667 0.01171875 0.016927083333333332
2 0.45390625 0.3854166666666667 0.0109375 0.018229166666666668
2 0.45859375 0.3763020833333333 0.0109375 0.016927083333333332
2 0.4484375 0.3671875 0.01015625 0.015625
2 0.48046875 0.375 0.0109375 0.016927083333333332
2 0.46875 0.3671875 0.009375 0.016927083333333332
2 0.52578125 0.3971354166666667 0.0125 0.020833333333333332
2 0.52265625 0.3763020833333333 0.009375 0.018229166666666668
2 0.54375 0.375 0.01015625 0.014322916666666666
2 0.5375 0.3619791666666667 0.00859375 0.013020833333333334
2 0.55390625 0.3671875 0.00859375 0.015625
2 0.57421875 0.3919270833333333 0.0171875 0.029947916666666668
2 0.46953125 0.40234375 0.01796875 0.0234375