2 0.70390625 0.9166666666666666 0.1171875 0.16666666666666666
2 0.20078125 0.8229166666666666 0.12421875 0.16927083333333334
2 0.3890625 0.66796875 0.0609375 0.10026041666666667
2 0.64765625 0.58203125 0.0515625 0.07291666666666667
2 0.746875 0.6028645833333334 0.053125 0.07682291666666667
2 0.35234375 0.5598958333333334 0.04453125 0.059895833333333336
2 0.3046875 0.5325520833333334 0.04140625 0.055989583333333336
2 0.43203125 0.5130208333333334 0.03671875 0.053385416666666664
2 0.45546875 0.44921875 0.0234375 0.032552083333333336
2 0.37109375 0.4544270833333333 0.025 0.032552083333333336
2 0.46640625 0.4049479166666667 0.015625 0.024739583333333332
2 0.4703125 0.3971354166666667 0.01484375 0.01953125
2 0.53046875 0.38671875 0.01328125 0.01953125
2 0.54921875 0.3828125 0.01484375 0.022135416666666668
2 0.525 0.3697916666666667 0.01015625 0.022135416666666668
2 0.48515625 0.3723958333333333 0.009375 0.015625
2 0.4625 0.3567708333333333 0.009375 0.010416666666666666
2 0.4734375 0.3619791666666667 0.00703125 0.013020833333333334
2 0.48828125 0.3619791666666667 0.009375 0.01171875
2 0.478125 0.35546875 0.00859375 0.01171875
2 0.47109375 0.3515625 0.0078125 0.01171875
1 0.4125 0.4192708333333333 0.046875 0.09244791666666667
1 0.4453125 0.37890625 0.025 0.06380208333333333
1 0.4171875 0.3645833333333333 0.03125 0.022135416666666668
2 0.53515625 0.3567708333333333 0.01015625 0.016927083333333332
6 0.5453125 0.3463541666666667 0.01171875 0.018229166666666668