0 0.03828125 0.6302083333333334 0.0765625 0.08854166666666667
0 0.1515625 0.7630208333333334 0.303125 0.4739583333333333
2 0.41640625 0.6015625 0.0515625 0.078125
2 0.77265625 0.796875 0.09921875 0.15104166666666666
2 0.62265625 0.45703125 0.021875 0.036458333333333336
2 0.2859375 0.5442708333333334 0.0453125 0.049479166666666664
2 0.346875 0.4869791666666667 0.03203125 0.04296875
2 0.3875 0.4348958333333333 0.02109375 0.026041666666666668
2 0.42421875 0.4283854166666667 0.01640625 0.024739583333333332
2 0.4546875 0.44921875 0.0203125 0.029947916666666668
2 0.46640625 0.4127604166666667 0.01484375 0.022135416666666668
2 0.4390625 0.40625 0.01640625 0.020833333333333332
2 0.41953125 0.3997395833333333 0.015625 0.0234375
2 0.53359375 0.3697916666666667 0.0109375 0.016927083333333332
2 0.521875 0.35546875 0.0078125 0.013020833333333334
2 0.53984375 0.36328125 0.00859375 0.015625
2 0.54765625 0.3567708333333333 0.009375 0.013020833333333334
2 0.43359375 0.3854166666666667 0.01328125 0.020833333333333332
2 0.45 0.3932291666666667 0.01328125 0.01953125
2 0.47421875 0.3958333333333333 0.0140625 0.022135416666666668
2 0.46015625 0.3763020833333333 0.01171875 0.016927083333333332
2 0.44921875 0.3697916666666667 0.0109375 0.018229166666666668
2 0.48046875 0.37890625 0.01171875 0.015625
2 0.48515625 0.3671875 0.01171875 0.014322916666666666
2 0.475 0.359375 0.00859375 0.013020833333333334
2 0.46484375 0.3567708333333333 0.00859375 0.014322916666666666
2 0.45703125 0.3619791666666667 0.009375 0.013020833333333334