1 0.1 0.83203125 0.19609375 0.3359375
0 0.5578125 0.359375 0.01875 0.048177083333333336
6 0.46875 0.3645833333333333 0.0109375 0.020833333333333332
2 0.3 0.9622395833333334 0.11875 0.07161458333333333
2 0.309375 0.63671875 0.0609375 0.08333333333333333
2 0.38984375 0.6692708333333334 0.06015625 0.08984375
2 0.79453125 0.6692708333333334 0.06875 0.10026041666666667
2 0.6859375 0.5377604166666666 0.03984375 0.055989583333333336
2 0.5484375 0.4583333333333333 0.021875 0.036458333333333336
2 0.61953125 0.4518229166666667 0.02265625 0.029947916666666668
2 0.6 0.42578125 0.01875 0.02734375
2 0.4296875 0.53515625 0.03515625 0.052083333333333336
2 0.29921875 0.5377604166666666 0.0421875 0.052083333333333336
2 0.3984375 0.4856770833333333 0.02890625 0.040364583333333336
2 0.365625 0.4609375 0.025 0.033854166666666664
2 0.40859375 0.4479166666666667 0.0234375 0.029947916666666668
2 0.45390625 0.453125 0.021875 0.032552083333333336
2 0.4015625 0.4166666666666667 0.01640625 0.0234375
2 0.43203125 0.4153645833333333 0.01640625 0.026041666666666668
2 0.4578125 0.421875 0.0203125 0.026041666666666668
2 0.471875 0.3958333333333333 0.0140625 0.022135416666666668
2 0.4484375 0.3932291666666667 0.0125 0.01953125
2 0.42109375 0.3984375 0.01484375 0.020833333333333332
2 0.43359375 0.38671875 0.0109375 0.016927083333333332
2 0.4765625 0.3841145833333333 0.01171875 0.016927083333333332
2 0.4609375 0.3763020833333333 0.009375 0.016927083333333332
2 0.44453125 0.3736979166666667 0.01015625 0.015625
2 0.4859375 0.3645833333333333 0.01015625 0.016927083333333332
2 0.4578125 0.3606770833333333 0.0078125 0.015625
2 0.53515625 0.4088541666666667 0.01484375 0.024739583333333332
2 0.58359375 0.4088541666666667 0.015625 0.0234375
2 0.553125 0.4010416666666667 0.01484375 0.024739583333333332
2 0.57890625 0.3958333333333333 0.0140625 0.020833333333333332
2 0.528125 0.38671875 0.01484375 0.02734375
2 0.546875 0.3854166666666667 0.0140625 0.024739583333333332
2 0.52265625 0.37109375 0.00859375 0.015625
2 0.54140625 0.375 0.009375 0.020833333333333332
2 0.5359375 0.3645833333333333 0.009375 0.016927083333333332
2 0.475 0.359375 0.00859375 0.013020833333333334