2 0.221875 0.7682291666666666 0.10078125 0.140625
6 0.240625 0.59375 0.075 0.10546875
6 0.34921875 0.55078125 0.0515625 0.08333333333333333
2 0.41171875 0.5950520833333334 0.04453125 0.061197916666666664
2 0.67890625 0.8372395833333334 0.09921875 0.18359375
2 0.66171875 0.5859375 0.04921875 0.08203125
2 0.6546875 0.4973958333333333 0.0328125 0.044270833333333336
2 0.53515625 0.4049479166666667 0.0203125 0.029947916666666668
0 0.56796875 0.3697916666666667 0.0234375 0.057291666666666664
0 0.40859375 0.3932291666666667 0.03671875 0.07291666666666667
0 0.4734375 0.3411458333333333 0.0109375 0.026041666666666668
0 0.48515625 0.3411458333333333 0.0109375 0.026041666666666668
2 0.36328125 0.46484375 0.02578125 0.03515625
2 0.42109375 0.4348958333333333 0.0203125 0.029947916666666668
2 0.43984375 0.4088541666666667 0.015625 0.020833333333333332
2 0.45546875 0.4466145833333333 0.021875 0.032552083333333336
2 0.4609375 0.4283854166666667 0.01640625 0.029947916666666668
2 0.47109375 0.3997395833333333 0.0140625 0.0234375
2 0.43359375 0.38671875 0.0125 0.020833333333333332
2 0.44609375 0.37109375 0.009375 0.016927083333333332
2 0.4625 0.375 0.0109375 0.016927083333333332
2 0.48515625 0.3736979166666667 0.01171875 0.014322916666666666
2 0.471875 0.3854166666666667 0.01171875 0.013020833333333334
2 0.52265625 0.3606770833333333 0.009375 0.013020833333333334
2 0.53828125 0.36328125 0.009375 0.014322916666666666
2 0.45546875 0.3671875 0.0078125 0.014322916666666666
2 0.4703125 0.3645833333333333 0.01015625 0.013020833333333334
2 0.46171875 0.359375 0.0078125 0.010416666666666666