2 0.053125 0.85546875 0.10625 0.15104166666666666
2 0.1078125 0.9401041666666666 0.15390625 0.11848958333333333
2 0.31484375 0.9296875 0.1140625 0.140625
2 0.396875 0.6653645833333334 0.06328125 0.10286458333333333
2 0.33984375 0.58984375 0.0546875 0.07421875
2 0.26953125 0.57421875 0.05625 0.06510416666666667
2 0.61015625 0.6627604166666666 0.05625 0.10286458333333333
2 0.9359375 0.8359375 0.12578125 0.16927083333333334
2 0.64765625 0.5716145833333334 0.04453125 0.06901041666666667
2 0.71171875 0.5481770833333334 0.04609375 0.08072916666666667
2 0.64609375 0.4856770833333333 0.03125 0.040364583333333336
2 0.44296875 0.5026041666666666 0.02890625 0.04296875
2 0.4484375 0.4674479166666667 0.02421875 0.032552083333333336
2 0.38828125 0.4921875 0.028125 0.041666666666666664
2 0.36171875 0.4661458333333333 0.0265625 0.03515625
2 0.38515625 0.4309895833333333 0.021875 0.032552083333333336
2 0.41640625 0.453125 0.02109375 0.032552083333333336
2 0.42734375 0.4244791666666667 0.01875 0.024739583333333332
2 0.40390625 0.4153645833333333 0.01875 0.026041666666666668
2 0.46015625 0.43359375 0.01875 0.02734375
2 0.4625 0.4114583333333333 0.015625 0.0234375
2 0.4484375 0.3997395833333333 0.0140625 0.020833333333333332
2 0.471875 0.39453125 0.0125 0.015625
2 0.53515625 0.4140625 0.015625 0.024739583333333332
2 0.55703125 0.4765625 0.02578125 0.041666666666666664
2 0.5890625 0.4622395833333333 0.02578125 0.037760416666666664
2 0.62109375 0.4518229166666667 0.021875 0.03125
2 0.58125 0.4010416666666667 0.01484375 0.020833333333333332
2 0.55 0.39453125 0.0109375 0.018229166666666668
2 0.5296875 0.3919270833333333 0.0125 0.018229166666666668
2 0.45 0.3841145833333333 0.01171875 0.010416666666666666
2 0.446875 0.37109375 0.0109375 0.014322916666666666
2 0.459375 0.37890625 0.0109375 0.015625
2 0.47734375 0.3828125 0.01171875 0.015625
2 0.4640625 0.3671875 0.009375 0.014322916666666666
2 0.48046875 0.3723958333333333 0.0109375 0.014322916666666666
2 0.48515625 0.3684895833333333 0.009375 0.013020833333333334
2 0.48984375 0.3606770833333333 0.009375 0.01171875
2 0.54296875 0.37890625 0.0109375 0.01953125
2 0.56796875 0.3893229166666667 0.0125 0.016927083333333332
2 0.56328125 0.3815104166666667 0.009375 0.016927083333333332
2 0.55625 0.37109375 0.01015625 0.015625
2 0.52421875 0.375 0.01171875 0.016927083333333332
2 0.52265625 0.3645833333333333 0.01015625 0.01171875
6 0.521875 0.35546875 0.01015625 0.024739583333333332
1 0.5453125 0.3463541666666667 0.01015625 0.02734375
2 0.5375 0.3606770833333333 0.0078125 0.015625
0 0.4625 0.3489583333333333 0.01328125 0.028645833333333332
0 0.475 0.34375 0.01484375 0.02734375
0 0.48984375 0.3333333333333333 0.009375 0.01953125