2 0.12109375 0.75 0.1171875 0.13541666666666666
2 0.3265625 0.8984375 0.10234375 0.18098958333333334
2 0.29609375 0.6549479166666666 0.071875 0.10807291666666667
2 0.41328125 0.5611979166666666 0.04453125 0.057291666666666664
2 0.66171875 0.7942708333333334 0.09140625 0.203125
2 0.85625 0.7330729166666666 0.0890625 0.13541666666666666
0 0.68046875 0.5729166666666666 0.13515625 0.2760416666666667
0 0.475 0.3489583333333333 0.015625 0.03515625
2 0.31171875 0.5091145833333334 0.04140625 0.053385416666666664
2 0.3890625 0.4934895833333333 0.0296875 0.04296875
2 0.36171875 0.47265625 0.025 0.03125
2 0.4421875 0.4739583333333333 0.0234375 0.0390625
2 0.415625 0.4440104166666667 0.02265625 0.029947916666666668
2 0.45234375 0.4453125 0.02109375 0.03125
2 0.390625 0.4361979166666667 0.021875 0.028645833333333332
2 0.40078125 0.4153645833333333 0.01484375 0.024739583333333332
2 0.425 0.42578125 0.01796875 0.0234375
2 0.421875 0.3984375 0.0140625 0.018229166666666668
2 0.46484375 0.4153645833333333 0.0140625 0.0234375
2 0.44765625 0.3932291666666667 0.0125 0.018229166666666668
2 0.4734375 0.3919270833333333 0.01328125 0.018229166666666668
2 0.4609375 0.3776041666666667 0.01015625 0.015625
2 0.4828125 0.3723958333333333 0.01015625 0.014322916666666666
2 0.55078125 0.47265625 0.028125 0.041666666666666664
2 0.5828125 0.4557291666666667 0.0234375 0.033854166666666664
2 0.56796875 0.4270833333333333 0.01796875 0.026041666666666668
2 0.5359375 0.421875 0.0171875 0.024739583333333332
2 0.53359375 0.3997395833333333 0.01328125 0.01953125
2 0.6109375 0.4427083333333333 0.02109375 0.029947916666666668
2 0.57421875 0.39453125 0.01328125 0.018229166666666668
2 0.54765625 0.3828125 0.01171875 0.020833333333333332
2 0.52578125 0.375 0.01015625 0.015625
2 0.5203125 0.3606770833333333 0.00859375 0.013020833333333334
2 0.565625 0.3854166666666667 0.01171875 0.01953125
2 0.53671875 0.3619791666666667 0.00859375 0.01171875
2 0.5546875 0.3723958333333333 0.009375 0.01171875
6 0.45703125 0.3606770833333333 0.01640625 0.02734375