1 0.16796875 0.7395833333333334 0.26328125 0.46875
4 0.63046875 0.12630208333333334 0.12265625 0.23828125
3 0.79453125 0.5859375 0.05390625 0.14453125
2 0.784375 0.9361979166666666 0.2140625 0.12760416666666666
2 0.31953125 0.38671875 0.13046875 0.19270833333333334
2 0.45078125 0.11848958333333333 0.06953125 0.11067708333333333
2 0.11953125 0.14713541666666666 0.08515625 0.11588541666666667
2 0.17734375 0.04296875 0.06328125 0.06640625
2 0.12421875 0.028645833333333332 0.053125 0.057291666666666664
2 0.3265625 0.044270833333333336 0.05703125 0.08203125
3 0.2515625 0.01953125 0.01328125 0.0390625
2 0.7703125 0.2578125 0.10078125 0.13541666666666666
2 0.94609375 0.46875 0.1078125 0.2864583333333333
6 0.7171875 0.09244791666666667 0.07265625 0.12630208333333334
6 0.9265625 0.140625 0.14609375 0.15104166666666666
2 0.78828125 0.0390625 0.053125 0.078125
3 0.8328125 0.0703125 0.0265625 0.044270833333333336
2 0.67265625 0.024739583333333332 0.03984375 0.049479166666666664