3 0.83359375 0.9361979166666666 0.090625 0.12760416666666666
3 0.06875 0.20703125 0.03046875 0.06901041666666667
2 0.21328125 0.08854166666666667 0.0578125 0.08463541666666667
2 0.27578125 0.036458333333333336 0.046875 0.06510416666666667
2 0.21171875 0.024739583333333332 0.05234375 0.049479166666666664
2 0.659375 0.5 0.15390625 0.2591145833333333
2 0.76015625 0.2513020833333333 0.1 0.1328125
3 0.70078125 0.12239583333333333 0.02265625 0.05859375
3 0.72265625 0.028645833333333332 0.01328125 0.041666666666666664
3 0.88828125 0.12890625 0.034375 0.06901041666666667
3 0.834375 0.06770833333333333 0.028125 0.048177083333333336
2 0.78984375 0.036458333333333336 0.0515625 0.07291666666666667
2 0.7640625 0.022135416666666668 0.021875 0.04296875
2 0.684375 0.059895833333333336 0.05625 0.07552083333333333