6 0.9390625 0.7421875 0.11875 0.515625
3 0.81171875 0.20442708333333334 0.0265625 0.09765625
3 0.64375 0.06510416666666667 0.02265625 0.052083333333333336
3 0.7375 0.07291666666666667 0.02109375 0.061197916666666664
3 0.83359375 0.06770833333333333 0.0296875 0.057291666666666664
0 0.98046875 0.453125 0.0390625 0.08203125
3 0.11484375 0.15234375 0.02421875 0.061197916666666664
3 0.0734375 0.18619791666666666 0.02265625 0.06640625
3 0.21015625 0.12369791666666667 0.02421875 0.05078125
2 0.2828125 0.07942708333333333 0.0671875 0.10286458333333333
2 0.3421875 0.029947916666666668 0.053125 0.059895833333333336
2 0.52109375 0.15755208333333334 0.07734375 0.140625
2 0.82890625 0.48046875 0.13046875 0.20182291666666666
6 0.92734375 0.140625 0.1453125 0.18229166666666666
2 0.58671875 0.036458333333333336 0.0515625 0.07291666666666667
2 0.53515625 0.07682291666666667 0.06171875 0.10026041666666667
2 0.76640625 0.2721354166666667 0.08828125 0.140625
2 0.7890625 0.03515625 0.05 0.0703125
2 0.7625 0.01953125 0.0171875 0.0390625