2 0.903125 0.88671875 0.19296875 0.2265625
3 0.93125 0.6861979166666666 0.05234375 0.15625
3 0.559375 0.2552083333333333 0.03203125 0.09244791666666667
3 0.0546875 0.17578125 0.02421875 0.06380208333333333
3 0.096875 0.02734375 0.0203125 0.04296875
3 0.83046875 0.061197916666666664 0.01875 0.044270833333333336
6 0.22890625 0.11328125 0.0796875 0.13671875
2 0.06796875 0.06770833333333333 0.06328125 0.06510416666666667
2 0.12890625 0.044270833333333336 0.0546875 0.06380208333333333
3 0.2640625 0.044270833333333336 0.01796875 0.048177083333333336
2 0.778125 0.07942708333333333 0.07265625 0.10677083333333333
2 0.61875 0.14713541666666666 0.06328125 0.10286458333333333
2 0.54375 0.11588541666666667 0.06015625 0.09114583333333333
2 0.58984375 0.08203125 0.0546875 0.08072916666666667
2 0.70859375 0.040364583333333336 0.04609375 0.08072916666666667
2 0.7640625 0.020833333333333332 0.0234375 0.041666666666666664
2 0.790625 0.03515625 0.053125 0.0703125
2 0.64140625 0.022135416666666668 0.046875 0.044270833333333336
2 0.30703125 0.0390625 0.0640625 0.07682291666666667