4 0.93828125 0.63671875 0.1234375 0.5911458333333334
2 0.4125 0.6015625 0.1671875 0.2734375
2 0.328125 0.32421875 0.128125 0.23046875
2 0.40859375 0.19401041666666666 0.084375 0.11588541666666667
2 0.58125 0.18229166666666666 0.0765625 0.10807291666666667
2 0.659375 0.4361979166666667 0.1359375 0.26171875
6 0.82265625 0.3515625 0.1234375 0.24088541666666666
6 0.83984375 0.16276041666666666 0.09140625 0.13671875
2 0.71953125 0.15625 0.0671875 0.10026041666666667
2 0.71796875 0.10677083333333333 0.0578125 0.044270833333333336
2 0.7234375 0.08854166666666667 0.08046875 0.09895833333333333
2 0.79140625 0.037760416666666664 0.0515625 0.07552083333333333
3 0.74921875 0.041666666666666664 0.01328125 0.040364583333333336
3 0.8375 0.06510416666666667 0.02890625 0.044270833333333336
3 0.6140625 0.15494791666666666 0.0234375 0.059895833333333336
3 0.53515625 0.15885416666666666 0.02890625 0.061197916666666664
3 0.5921875 0.09895833333333333 0.01875 0.048177083333333336
3 0.115625 0.2526041666666667 0.028125 0.07161458333333333
3 0.1640625 0.11848958333333333 0.02421875 0.057291666666666664
2 0.07578125 0.049479166666666664 0.06015625 0.05859375
2 0.04453125 0.1328125 0.05703125 0.09895833333333333
2 0.3265625 0.049479166666666664 0.0515625 0.07421875
2 0.46953125 0.040364583333333336 0.05546875 0.08072916666666667