3 0.40625 0.9388020833333334 0.090625 0.12239583333333333
3 0.4734375 0.20052083333333334 0.03203125 0.07161458333333333
3 0.19609375 0.1015625 0.02265625 0.041666666666666664
3 0.24296875 0.053385416666666664 0.021875 0.033854166666666664
3 0.26015625 0.06380208333333333 0.0140625 0.03515625
2 0.04375 0.3098958333333333 0.08671875 0.14453125
5 0.028125 0.1953125 0.05546875 0.11328125
2 0.703125 0.66796875 0.1703125 0.2916666666666667
2 0.48203125 0.032552083333333336 0.0484375 0.06380208333333333
2 0.59140625 0.37109375 0.121875 0.20182291666666666
2 0.9359375 0.7669270833333334 0.128125 0.453125
2 0.63984375 0.2838541666666667 0.096875 0.15494791666666666
2 0.6453125 0.17317708333333334 0.071875 0.10807291666666667
2 0.63046875 0.09244791666666667 0.05703125 0.08072916666666667
2 0.72578125 0.07682291666666667 0.059375 0.08203125
2 0.8796875 0.22916666666666666 0.09140625 0.11848958333333333
2 0.9609375 0.15364583333333334 0.07734375 0.10416666666666667
2 0.7875 0.033854166666666664 0.05234375 0.06640625
2 0.76015625 0.016927083333333332 0.01875 0.033854166666666664
2 0.1875 0.03125 0.04375 0.0625
3 0.83359375 0.07161458333333333 0.028125 0.046875
3 0.81640625 0.06510416666666667 0.01484375 0.041666666666666664