4 0.67421875 0.17708333333333334 0.1203125 0.265625
2 0.82890625 0.4518229166666667 0.13125 0.19921875
3 0.1296875 0.19401041666666666 0.025 0.057291666666666664
3 0.17265625 0.12369791666666667 0.02578125 0.046875
3 0.23671875 0.0859375 0.0203125 0.046875
3 0.90234375 0.3763020833333333 0.0375 0.10546875
3 0.80625 0.3359375 0.0390625 0.05078125
3 0.80078125 0.22526041666666666 0.03046875 0.07421875
3 0.83125 0.07291666666666667 0.02421875 0.057291666666666664
3 0.759375 0.07421875 0.0171875 0.049479166666666664
2 0.921875 0.15364583333333334 0.15546875 0.12109375
2 0.365625 0.022135416666666668 0.04765625 0.044270833333333336
2 0.46640625 0.05078125 0.0515625 0.07682291666666667
2 0.7453125 0.171875 0.04609375 0.10807291666666667
2 0.66640625 0.0234375 0.04765625 0.046875